0.70477
0.69767
0.70539
0.69763
0.68979
0.69031
0.69383
0.70736
0.71934
0.73537
0.76183
0.79695
0.83217
0.86707
0.89566
0.92173
0.94309
0.96243
0.97409
0.97305
0.96432
0.95283
0.94379
0.93606
0.92452
0.91232
0.89723
0.88817
0.88326
0.87789
0.87638
0.86807
0.86029
0.85762
0.85316
0.85079
0.8427
0.83494
0.82414
0.81916
0.81728
0.81398
0.80772
0.79961
0.79568
0.79082
0.78589
0.78718
0.778
0.76912
0.75718
0.74634
0.73829
0.72647
0.71916
0.71003
0.70198
0.69557
0.68769
0.68428
0.67989
0.67536
0.67271
0.66742
0.66724
0.6652
0.66166
0.66031
0.65482
0.65296
0.64951
0.64265
0.63001
0.63613
